0 -60.8554 -60.8554 2 1 0
0.018193 -60.8471 -60.8471 1 1 0
0.0363862 -60.8388 -60.8388 1 1 0
0.0727732 -60.8222 -60.8222 1 1 0
0.145549 -60.7889 -60.7889 1 1 0
0.291111 -60.7225 -60.7225 1 1 0
0.58227 -60.5897 -60.5897 1 1 0
1.16473 -60.3245 -60.3245 1 1 0
2.33025 -59.7954 -59.7954 1 1 0
4.08005 -59.0051 -59.0051 1 1 0
6.70824 -57.8274 -57.8274 1 1 0
10.6588 -56.0793 -56.0793 1 1 0
15.2441 -54.0855 -54.0855 1 1 0
19.8438 -52.1254 -52.1254 1 1 0
24.4585 -50.2006 -50.2006 1 1 0
29.0883 -48.3124 -48.3124 1 1 0
33.7331 -46.4616 -46.4616 1 1 0
38.3927 -44.6483 -44.6483 1 1 0
43.0665 -42.8718 -42.8718 1 1 0
47.7537 -41.1311 -41.1311 1 1 0
52.4533 -39.4241 -39.4241 1 1 0
57.1641 -37.7483 -37.7483 1 1 0
61.8846 -36.1002 -36.1002 1 1 0
66.6134 -34.4757 -34.4757 1 1 0
71.3484 -32.8698 -32.8698 1 1 0
76.0878 -31.2765 -31.2765 1 1 0
80.8289 -29.6886 -29.6886 1 1 0
85.569 -28.0976 -28.0976 1 1 0
90.3045 -26.4929 -26.4929 1 1 0
93.8576 -25.2701 -25.2701 2 1 0
98.5729 -23.6073 -23.6073 2 1 0
103.267 -21.8839 -21.8839 2 1 0
107.926 -20.0711 -20.0711 2 1 0
112.534 -18.1291 -18.1291 2 1 0
117.059 -16.0029 -16.0029 2 1 0
121.459 -13.6287 -13.6287 2 1 0
125.703 -10.9851 -10.9851 2 1 0
129.88 -8.23638 -8.23638 2 1 0
134.219 -5.75189 -5.75189 2 1 0
138.797 -3.74351 -3.74351 2 1 0
143.536 -2.14991 -2.14991 2 1 0
148.364 -0.848659 -0.848659 2 1 0
153.242 0.250907 0.250907 2 1 0
158.149 1.20698 1.20698 2 1 0
163.077 2.05698 2.05698 2 1 0
168.017 2.82581 2.82581 2 1 0
172.967 3.53068 3.53068 2 1 0
177.924 4.18392 4.18392 2 1 0
182.887 4.79464 4.79464 2 1 0
187.854 5.36974 5.36974 2 1 0
192.824 5.9146 5.9146 2 1 0
197.797 6.43344 6.43344 2 1 0
202.772 6.92969 6.92969 2 1 0
207.749 7.40613 7.40613 2 1 0
212.019 7.80066 7.80066 1 1 0
216.999 8.24614 8.24614 1 1 0
221.98 8.67747 8.67747 1 1 0
226.963 9.09607 9.09607 1 1 0
231.946 9.50318 9.50318 1 1 0
236.93 9.89984 9.89984 1 1 0
241.915 10.287 10.287 1 1 0
246.901 10.6654 10.6654 1 1 0
251.887 11.0359 11.0359 1 1 0
256.874 11.399 11.399 1 1 0
261.861 11.7554 11.7554 1 1 0
266.849 12.1055 12.1055 1 1 0
271.837 12.4498 12.4498 1 1 0
276.826 12.7887 12.7887 1 1 0
281.815 13.1225 13.1225 1 1 0
286.804 13.4517 13.4517 1 1 0
291.793 13.7766 13.7766 1 1 0
296.783 14.0973 14.0973 1 1 0
301.773 14.4143 14.4143 1 1 0
93.8576 -25.2701 -25.2701 4 2 0
93.8576 -25.256 -25.2842 3 2 0
93.8576 -25.2558 -25.2844 4 2 0
93.8574 -25.1993 -25.341 4 2 0
93.8559 -25.0862 -25.454 4 2 0
93.8491 -24.8602 -25.68 4 2 0
93.8294 -24.5219 -26.0188 4 2 0
93.7788 -24.0177 -26.5259 4 2 0
93.6587 -23.2712 -27.2776 4 2 0
93.3936 -22.1776 -28.3809 4 2 0
92.8592 -20.6061 -29.971 4 2 0
92.172 -18.933 -31.6496 4 2 0
91.3906 -17.0985 -33.4494 4 2 0
90.5914 -14.9991 -35.5079 4 2 0
89.8703 -12.5547 -37.8089 4 2 0
89.2979 -9.75918 -40.3808 4 2 0
88.882 -6.54387 -43.1098 4 2 0
88.5939 -2.62477 -46.0089 4 2 0
88.3359 8.26402 -50.7122 4 2 0
88.3029 15.4756 -51.7483 4 2 0
88.2934 23.3191 -52.1187 4 2 0
88.2939 24.0494 -52.1308 3 2 0
88.2983 18.3918 -51.9224 4 2 0
88.3039 15.1531 -51.7574 4 2 0
88.3048 14.7705 -51.6648 4 2 0
88.3877 3.97223 -49.4448 4 2 0
88.9776 -7.43314 -42.3795 4 2 0
90.495 -14.7122 -35.7806 4 2 0
93.3763 -22.1178 -28.4415 4 2 0
93.7685 -23.9379 -26.6062 4 2 0
93.8575 -25.2125 -25.3277 4 2 0
93.2304 -21.6496 -28.917 4 2 0
91.7544 -17.967 -32.616 4 2 0
90.2401 -13.9046 -36.5609 4 2 0
89.2427 -9.4191 -40.6827 4 2 0
88.6835 -4.1213 -44.9251 4 2 0
88.3073 13.8152 -51.5964 4 2 0
88.296 19.8443 -52.0148 4 2 0
88.2933 23.8126 -52.128 3 2 0
88.7096 29.3294 -52.0892 3 2 0
91.9257 31.6617 -51.4306 3 2 0
95.2544 32.5469 -51.1107 3 2 0
98.8503 33.1342 -50.4983 3 2 0
102.924 33.6083 -49.8304 3 2 0
107.501 34.0561 -49.105 3 2 0
112.147 34.2575 -48.3869 3 2 0
116.835 34.5779 -47.6731 3 2 0
121.554 34.7803 -46.8177 3 2 0
126.297 34.9386 -46.1487 3 2 0
131.059 34.9709 -45.4795 3 2 0
135.834 35.1117 -44.7084 3 2 0
140.622 35.1727 -43.9956 3 2 0
145.419 35.108 -43.2228 3 2 0
150.223 35.2163 -42.4633 3 2 0
155.034 35.2444 -41.6407 3 2 0
159.849 35.1901 -40.9778 3 2 0
164.667 35.2268 -40.2233 3 2 0
169.486 35.1642 -39.4087 3 2 0
174.306 35.0213 -38.6504 3 2 0
179.124 34.9881 -37.7663 3 2 0
183.938 34.9842 -36.9036 3 2 0
188.746 34.9138 -36.0329 3 2 0
193.542 34.7457 -35.1774 3 2 0
198.322 34.679 -34.1331 3 2 0
203.072 34.5112 -33.0378 3 2 0
207.766 34.3543 -31.6954 3 2 0
212.329 34.0745 -29.9477 3 2 0
216.324 33.1194 -25.7963 3 2 0
216.9 30.3264 -17.9636 4 2 0
216.898 29.9266 -17.0966 4 2 0
216.534 22.6411 -7.31101 4 2 0
214.571 15.1838 0.403608 4 2 0
213.076 11.9945 3.60755 4 2 0
212.766 7.86878 7.86822 4 2 0
212.026 8.12771 7.4737 4 2 0
212.933 11.6566 3.93985 4 2 0
214.567 15.1883 0.411888 4 2 0
215.88 18.9087 -3.33903 4 2 0
216.577 23.0778 -7.76536 4 2 0
216.848 27.5196 -13.2927 4 2 0
216.9 30.4009 -17.9742 3 2 0
214.791 33.7934 -28.3047 3 2 0
207.422 34.3756 -31.803 3 2 0
202.631 34.5208 -33.1271 3 2 0
197.872 34.6411 -34.2654 3 2 0
193.089 34.8248 -35.2394 3 2 0
188.29 34.8997 -36.1811 3 2 0
183.481 34.9636 -37.057 3 2 0
178.666 34.9315 -37.8928 3 2 0
173.847 35.1019 -38.7189 3 2 0
169.027 35.0915 -39.5213 3 2 0
164.207 35.2124 -40.2721 3 2 0
159.39 35.2524 -41.0553 3 2 0
154.575 35.2338 -41.7749 3 2 0
149.765 35.2581 -42.5792 3 2 0
144.962 35.1796 -43.2876 3 2 0
140.166 35.1135 -44.0304 3 2 0
135.379 34.991 -44.8075 3 2 0
130.605 35.0201 -45.4867 3 2 0
125.846 34.91 -46.2757 3 2 0
121.107 34.6799 -46.9911 3 2 0
116.392 34.5833 -47.6998 3 2 0
111.71 34.3339 -48.3985 3 2 0
107.074 33.8176 -49.2159 3 2 0
102.506 33.5485 -49.834 3 2 0
98.0474 33.0026 -50.6347 3 2 0
93.7973 32.1262 -51.2531 3 2 0
90.0729 30.7501 -51.824 3 2 0
88.3057 26.4547 -52.1142 3 2 0
88.2933 23.8581 -52.1266 3 2 0
88.2992 17.3477 -51.9014 4 2 0
88.3335 8.51088 -50.799 4 2 0
88.5277 -1.19687 -46.8281 4 2 0
88.9856 -7.50802 -42.3048 4 2 0
90.1497 -13.6009 -36.843 4 2 0
92.6951 -20.1892 -30.3853 4 2 0
93.6683 -23.3204 -27.2278 4 2 0
93.8576 -25.2455 -25.2947 4 2 0
92.0165 -18.572 -32.0118 4 2 0
91.7374 -17.9247 -32.6531 4 2 0
89.5742 -11.2548 -39.0344 4 2 0
88.5893 -2.53471 -46.0526 4 2 0
88.4001 3.26362 -49.0816 4 2 0
88.332 8.76778 -50.8187 4 2 0
88.3046 14.7178 -51.6846 4 2 0
88.2979 18.2665 -51.9478 4 2 0
88.3034 20.9084 -52.0251 3 2 0
88.2997 23.115 -52.1031 4 2 0
88.2979 24.7779 -52.1018 3 2 0
88.3249 27.179 -52.0546 3 2 0
88.7283 29.3813 -52.1076 3 2 0
90.2469 30.9557 -51.8728 3 2 0
92.5034 31.8949 -51.5287 3 2 0
95.227 32.4714 -51.0334 3 2 0
98.382 33.0936 -50.5855 3 2 0
101.967 33.4623 -49.9542 3 2 0
105.997 33.9334 -49.3833 3 2 0
110.496 34.158 -48.5651 3 2 0
115.171 34.4141 -47.8344 3 2 0
119.88 34.7314 -47.2068 3 2 0
124.615 34.8399 -46.4574 3 2 0
129.371 34.9164 -45.7076 3 2 0
134.142 35.0605 -44.9958 3 2 0
138.925 35.181 -44.1805 3 2 0
143.719 35.0856 -43.5102 3 2 0
148.521 35.2287 -42.6842 3 2 0
153.33 35.2628 -42.0147 3 2 0
158.143 35.2365 -41.219 3 2 0
162.96 35.2369 -40.299 3 2 0
167.779 35.1506 -39.5481 3 2 0
172.599 35.1326 -38.9143 3 2 0
177.418 35.0583 -38.1179 3 2 0
182.234 35.0331 -37.1809 3 2 0
187.044 34.9383 -36.3281 3 2 0
191.845 34.8429 -35.4984 3 2 0
196.632 34.6444 -34.5105 3 2 0
201.394 34.5788 -33.437 3 2 0
206.113 34.4228 -32.1969 3 2 0
210.738 34.1581 -30.6772 3 2 0
215.065 33.7402 -27.9571 3 2 0
216.599 32.8903 -24.6265 3 2 0
216.9 30.4298 -18.1748 3 2 0
216.9 30.1586 -17.5308 4 2 0
216.519 22.5023 -7.15671 4 2 0
214.507 15.0532 0.539137 4 2 0
213.016 11.8575 3.74473 4 2 0
212.413 10.2545 5.34707 4 2 0
212.052 8.4967 7.10469 4 2 0
212.019 7.80901 7.79232 4 2 0
212.826 11.3983 4.19856 4 2 0
212.939 11.676 3.92686 4 2 0
215.643 18.0587 -2.47087 4 2 0
216.797 26.218 -11.5056 4 2 0
216.9 30.3203 -17.9633 4 2 0
211.963 34.0994 -30.1011 3 2 0
205.748 34.4059 -32.3397 3 2 0
200.997 34.6128 -33.5532 3 2 0
196.229 34.691 -34.6129 3 2 0
191.439 34.8634 -35.5582 3 2 0
186.636 34.9316 -36.4812 3 2 0
181.825 35.0181 -37.363 3 2 0
177.008 34.9754 -38.1446 3 2 0
172.189 35.0425 -39.0029 3 2 0
167.369 35.1029 -39.7876 3 2 0
162.55 35.1753 -40.5475 3 2 0
157.734 35.2553 -41.3205 3 2 0
152.921 35.2341 -42.0866 3 2 0
148.113 35.0981 -42.8098 3 2 0
143.312 35.0767 -43.5741 3 2 0
138.519 35.0173 -44.2933 3 2 0
133.737 35.0439 -45.0594 3 2 0
128.967 35.008 -45.7271 3 2 0
124.215 34.8754 -46.4507 3 2 0
119.483 34.6772 -47.2602 3 2 0
114.778 34.2354 -47.972 3 2 0
110.11 34.2183 -48.7173 3 2 0
105.494 33.8421 -49.4352 3 2 0
100.957 33.4066 -50.1824 3 2 0
96.5547 32.8181 -50.8739 3 2 0
92.4269 31.7649 -51.5224 3 2 0
